0.0334502831 0.0334502831 15.3695838127 0.0334502831 0.0334502831 4.6973167535
0.0334502831 22.0334502831 0.0334502831 0.0334502831 0.0334502831 0.0334502831
0.0334502831 0.0334502831 31.5395320347 0.0334502831 7.1376605627 11.4231582519
5.5847740724 14.4821264939 0.0334502831 0.0334502831 0.0334502831 0.0334502831
0.0334502831 11.1490727391 12.6144894041 29.3367887061 0.0334502831 0.0334502831
0.0334502831 3.2310557837 25.5334097195 6.3358853461 0.0334502831 0.0334502831
0.0334502831 20.0334502831 0.0334502831 0.0334502831 0.0334502831 0.0334502831
0.0334502831 3.1027969976 0.0334502831 11.9641035686 0.0334502831 0.0334502831
0.0334502831 0.0334502831 25.7162896995 7.1930909978 0.0334502831 1.1909701520
0.0334502831 0.0334502831 24.5876437399 0.0334502831 0.0334502831 14.4792568263
0.0334502831 0.0334502831 20.5539914704 25.5129090958 0.0334502831 0.0334502831
1.0648813116 79.0020192546 0.0334502831 0.0334502831 0.0334502831 0.0334502831
3.2255474588 0.0334502831 45.6575248038 1.2172785868 0.0334502831 0.0334502831
0.0334502831 54.9355596836 1.4402753004 8.6349986621 5.1229674864 0.0334502831
0.0334502831 0.0334502831 5.5978310970 3.9420090793 2.2614620244 28.3324989317
0.0334502831 0.0334502831 38.0334502831 0.0334502831 0.0334502831 0.0334502831
0.0334502831 78.0334502831 0.0334502831 0.0334502831 0.0334502831 0.0334502831
0.0334502831 18.2556791975 0.0334502831 13.8112213687 0.0334502831 0.0334502831
2.8651358558 0.0334502831 14.1917177502 9.1686404751 17.5627819587 9.3789753758
0.0334502831 30.9717840690 0.0334502831 0.0334502831 0.9881898001 1.1403769802
0.0334502831 40.0334502831 0.0334502831 0.0334502831 0.0334502831 0.0334502831
0.0334502831 0.0334502831 30.5154115486 0.0334502831 0.0334502831 23.5514890176
0.0334502831 41.0334502831 0.0334502831 0.0334502831 0.0334502831 0.0334502831
0.0334502831 0.0334502831 49.1097859765 5.9571145898 0.0334502831 0.0334502831
16.0334502831 0.0334502831 0.0334502831 0.0334502831 0.0334502831 0.0334502831
2.6900168869 0.0334502831 0.3346393767 0.0334502831 0.0334502831 41.0756945858
0.0334502831 0.0334502831 2.2875855004 12.6371492513 0.0334502831 1.1756160976
0.0334502831 24.0334502831 0.0334502831 0.0334502831 0.0334502831 0.0334502831
5.6119065639 66.1440982184 0.0334502831 8.2790880576 8.3193697825 3.8127887932
1.0504753035 3.8025321296 0.0334502831 27.2473434163 0.0334502831 0.0334502831
0.0334502831 52.8181754783 0.0334502831 15.2487250879 0.0334502831 0.0334502831
0.0334502831 0.0334502831 48.0123673269 0.0334502831 0.0334502831 7.0545332394
0.0334502831 17.2358396910 0.0334502831 16.4293053909 9.4352057675 0.0334502831
1.9858842760 38.8516626939 0.0334502831 0.0334502831 1.2060125397 1.0902416228
0.0334502831 0.0334502831 103.4651007657 2.8507204603 0.0334502831 9.7845296233
0.0334502831 0.0334502831 48.0334502831 0.0334502831 0.0334502831 0.0334502831
0.0334502831 0.0334502831 36.2882601629 10.5134707612 0.0334502831 8.2986199252
0.0334502831 83.0334502831 0.0334502831 0.0334502831 0.0334502831 0.0334502831
16.0334502831 0.0334502831 0.0334502831 0.0334502831 0.0334502831 0.0334502831
3.7472095186 0.0334502831 0.0334502831 7.8794052671 6.8137971609 22.6933891857
0.0334502831 0.0334502831 77.1075211263 21.9593794400 0.0334502831 0.0334502831
0.0334502831 63.6942690774 0.0334502831 92.3726314888 0.0334502831 0.0334502831
0.0334502831 0.0334502831 0.0334502831 2.2094593892 50.8574411770 0.0334502831
0.0334502831 23.3184612081 2.6720038914 2.1098857498 0.0334502831 0.0334502831
0.0334502831 88.0334502831 0.0334502831 0.0334502831 0.0334502831 0.0334502831
0.0334502831 33.4045685163 7.7790773105 2.9167050225 0.0334502831 0.0334502831
4.7555594110 31.3487052212 0.0334502831 7.9960862171 0.0334502831 0.0334502831
3.4329945882 0.0334502831 13.2196431463 0.0334502831 10.3373756568 18.1437877411
28.0329256467 0.0334502831 0.0334502831 10.0339749195 0.0334502831 0.0334502831
3.3491837716 53.8464334755 0.0334502831 14.7145500341 4.2236338513 0.0334502831
15.5325870339 0.0334502831 0.0334502831 14.4218645655 11.0896333252 11.0897162078
0.0334502831 40.0334502831 0.0334502831 0.0334502831 0.0334502831 0.0334502831
0.0334502831 0.0334502831 6.2716754869 11.5411044241 0.0334502831 1.2875709383
9.8470417898 56.8616505836 1.3916584759 0.0334502831 0.0334502831 0.0334502831
0.0334502831 20.6712257158 0.0334502831 13.3956748504 0.0334502831 0.0334502831
4.4938752633 0.0334502831 9.6705613171 0.0334502831 26.9359142689 0.0334502831
3.9926529365 2.8116525842 35.2960453286 0.0334502831 0.0334502831 0.0334502831
0.0334502831 93.0334502831 0.0334502831 0.0334502831 0.0334502831 0.0334502831
0.0334502831 0.0334502831 51.8751554084 0.0334502831 0.0334502831 3.1917451578
98.8718383232 0.0334502831 0.0334502831 3.5472400190 6.0370283853 4.6776944050
0.0334502831 41.3059878562 0.0334502831 6.7609127100 0.0334502831 0.0334502831
1.4586513817 7.0606426095 0.0334502831 2.5810568581 0.0334502831 0.0334502831
0.0334502831 0.0334502831 52.8708203707 0.0334502831 0.0334502831 18.1960801955
0.0334502831 3.9582156158 0.0334502831 7.1086849504 0.0334502831 0.0334502831
0.0334502831 1.1013901147 60.9655104515 0.0334502831 0.0334502831 0.0334502831
0.0334502831 24.3897255989 24.8025702849 31.4555448870 0.0334502831 2.4859603617
0.0334502831 0.0334502831 4.0493924568 9.1433374761 22.9076209164 0.0334502831
64.8757450097 0.0334502831 0.0334502831 0.0334502831 5.1911555565 0.0334502831
42.9294476946 1.9096582809 0.0334502831 4.2612448738 0.0334502831 0.0334502831
3.2525679705 40.8986301028 11.1239427635 0.0334502831 9.8586602957 0.0334502831
0.0334502831 0.0334502831 36.4650473947 6.6018531715 0.0334502831 0.0334502831
0.0334502831 2.8481384770 1.1083359339 18.1438764384 0.0334502831 0.0334502831
0.0334502831 0.0334502831 46.7018487948 1.4236151532 0.0334502831 3.9748869013
38.6453538206 1.3085095328 0.0334502831 17.1785462559 0.0334502831 20.0013915232
1.0877331485 0.0334502831 35.7574671664 0.0334502831 0.0334502831 5.2551505344
0.0334502831 0.0334502831 8.1247580304 0.0334502831 6.6476615894 29.3279312295
0.0334502831 0.0334502831 0.0334502831 15.0334502831 0.0334502831 0.0334502831
0.0334502831 28.5080466485 2.3178737195 1.2744304813 0.0334502831 0.0334502831
5.5626391346 2.9898229374 0.0334502831 9.5478887774 0.0334502831 0.0334502831
4.3414005457 0.0334502831 10.5540921899 11.2048581137 0.0334502831 0.0334502831
0.0334502831 73.0334502831 0.0334502831 0.0334502831 0.0334502831 0.0334502831
0.0334502831 0.0334502831 0.0334502831 0.0334502831 7.0334502831 0.0334502831
0.0334502831 9.2079124593 2.2116129790 15.6808254110 0.0334502831 0.0334502831
0.0334502831 50.0334502831 0.0334502831 0.0334502831 0.0334502831 0.0334502831
0.0334502831 0.0334502831 23.0334502831 0.0334502831 0.0334502831 0.0334502831
0.0334502831 24.4206370159 0.0334502831 13.6462635503 0.0334502831 0.0334502831
0.0334502831 116.3944843756 1.8793305015 5.8265359722 0.0334502831 0.0334502831
0.0334502831 0.0334502831 42.3216262533 0.0334502831 0.0334502831 6.7452743129
0.0334502831 16.0334502831 0.0334502831 0.0334502831 0.0334502831 0.0334502831
47.5083716721 1.5289142610 0.0334502831 4.4015272485 5.8368881664 2.8915500675
0.0334502831 0.0334502831 24.7371598939 0.0334502831 0.0334502831 19.3297406723
0.0334502831 0.0334502831 6.4339697099 8.6329308563 0.0334502831 0.0334502831
16.0334502831 0.0334502831 0.0334502831 0.0334502831 0.0334502831 0.0334502831
0.0334502831 0.0334502831 48.6473582126 1.6459969231 2.6098237763 3.2306222204
0.0334502831 20.0334502831 0.0334502831 0.0334502831 0.0334502831 0.0334502831
0.0334502831 23.3096613769 0.0334502831 4.9982097526 0.0334502831 2.7924797199
0.0334502831 0.0334502831 30.5815469747 0.0334502831 0.0334502831 14.4853535915
59.7146084992 1.1363479585 0.0334502831 0.0334502831 8.2493943916 0.0334502831
7.5071076923 42.4785062619 1.1147368951 0.0334502831 0.0334502831 0.0334502831
4.9627333305 0.0334502831 2.7702320439 53.4797219160 0.0334502831 16.9211138421
0.0334502831 36.0334502831 0.0334502831 0.0334502831 0.0334502831 0.0334502831
0.0334502831 11.0334502831 0.0334502831 0.0334502831 0.0334502831 0.0334502831
0.0334502831 0.0334502831 0.0334502831 18.3876160838 2.5553359110 1.1573988546
0.0334502831 17.7904825133 1.7484671467 24.5614011894 0.0334502831 0.0334502831
0.0334502831 36.7919270913 0.0334502831 2.2749734749 0.0334502831 0.0334502831
0.0334502831 120.2126992957 0.0334502831 4.8542012705 0.0334502831 0.0334502831
0.0334502831 22.0334502831 0.0334502831 0.0334502831 0.0334502831 0.0334502831
0.0334502831 2.8015541643 8.9831382629 1.3510943154 6.1736108234 22.8578538496
6.8948463442 1.0834834744 2.0038309277 3.8663070157 24.6251215364 2.7271124003
0.0334502831 115.0334502831 0.0334502831 0.0334502831 0.0334502831 0.0334502831
0.0334502831 7.6186478073 32.9740920123 5.8806773915 0.0334502831 5.6603839213
4.0117399769 8.0636385133 36.9857424082 13.7415574079 0.0334502831 29.3645731092
1.7584688038 68.1763929401 2.2981291920 2.9008101965 0.0334502831 0.0334502831
1.1073447007 74.9595558656 0.0334502831 0.0334502831 0.0334502831 0.0334502831
0.0334502831 0.0334502831 46.0053163688 0.0334502831 1.3267997399 8.7682347407
0.0334502831 75.1173069171 0.0334502831 22.9495936492 0.0334502831 0.0334502831
2.1675047568 0.0334502831 0.0334502831 4.7230784727 22.6053103267 10.6379075762
0.0334502831 0.0334502831 27.2223866764 0.0334502831 0.0334502831 30.8445138898
0.0334502831 36.2372535288 4.8296470375 0.0334502831 0.0334502831 0.0334502831
0.0334502831 1.6704537078 0.0334502831 19.3964468584 0.0334502831 0.0334502831
6.0545993016 2.9342058740 10.2665822827 21.4524559908 0.0334502831 34.4594079664
0.0334502831 37.0334502831 0.0334502831 0.0334502831 0.0334502831 0.0334502831
0.0334502831 39.8020910373 1.2648095289 0.0334502831 0.0334502831 0.0334502831
0.0334502831 3.1661163976 2.2040189611 18.7302154906 0.0334502831 0.0334502831
3.2113933673 0.0334502831 0.0334502831 4.6442600470 14.2446974350 0.0334502831
0.0334502831 0.0334502831 1.1595695194 22.6207838150 0.0334502831 5.3199975149
16.0334502831 0.0334502831 0.0334502831 0.0334502831 8.0334502831 0.0334502831
0.0334502831 73.5920933883 2.4748071780 0.0334502831 0.0334502831 0.0334502831
20.9602161609 10.9906020910 0.0334502831 0.0334502831 2.1495325974 0.0334502831
0.0334502831 3.0092442817 52.7509900316 1.1085975990 0.0334502831 1.2649692200
0.0334502831 33.2992299013 3.7676706650 0.0334502831 0.0334502831 0.0334502831
0.0334502831 42.0334502831 0.0334502831 0.0334502831 0.0334502831 0.0334502831
0.0334502831 2.2033697910 0.0334502831 15.8635307753 0.0334502831 0.0334502831
0.0334502831 0.0334502831 36.0334502831 0.0334502831 0.0334502831 0.0334502831
3.1867727164 0.0334502831 0.0334502831 8.8215914005 33.0919867324 0.0334502831
0.0334502831 28.5926861101 0.0334502831 45.6954430596 6.0007325572 8.8449394056
0.0334502831 13.6507894859 0.0334502831 26.1129168679 3.3366444955 0.0334502831
37.7226255223 1.1683517557 0.0334502831 0.0334502831 1.2093735713 0.0334502831
0.0334502831 0.0334502831 31.8521287758 0.0334502831 2.2147717904 0.0334502831
0.0334502831 0.0334502831 7.8216252389 22.2452753273 0.0334502831 0.0334502831
0.0334502831 72.0334502831 0.0334502831 0.0334502831 0.0334502831 0.0334502831
0.0334502831 23.0334502831 0.0334502831 0.0334502831 0.0334502831 0.0334502831
0.0334502831 24.0334502831 0.0334502831 0.0334502831 0.0334502831 0.0334502831
2.0861270479 43.6446574836 0.0334502831 2.5638395472 14.8391770538 0.0334502831
0.0334502831 89.0334502831 0.0334502831 0.0334502831 0.0334502831 0.0334502831
0.0334502831 3.1040967485 31.1238509929 0.0334502831 0.0334502831 12.8724031078
0.0334502831 17.3255020177 0.0334502831 15.7413985485 0.0334502831 0.0334502831
0.0334502831 0.0334502831 89.0334502831 0.0334502831 0.0334502831 0.0334502831
4.7669993466 18.9767100320 40.6405156344 5.8627585085 1.4418501923 11.5118679850
61.3036492403 0.0334502831 2.4154246256 1.2059274062 6.0774483236 1.1648018198
6.2570867631 48.6786393878 10.3871396177 13.3964938451 0.0334502831 2.4478918018
0.0334502831 45.0672531594 1.4809101197 4.5521875702 0.0334502831 0.0334502831
0.0334502831 3.8014793931 0.0334502831 16.2654211731 0.0334502831 0.0334502831
94.6682109178 0.0334502831 0.0334502831 0.0334502831 5.3986896484 0.0334502831
0.0334502831 1.6704537078 0.0334502831 19.3964468584 0.0334502831 0.0334502831
0.0334502831 0.0334502831 23.1755142421 0.0334502831 0.0334502831 9.8913863242
4.3128592463 30.0954806574 0.0334502831 5.0123924480 3.7130687808 0.0334502831
0.0334502831 24.0334502831 0.0334502831 0.0334502831 0.0334502831 0.0334502831
0.0334502831 0.0334502831 10.9558412368 0.0334502831 8.0831180828 35.0613915298
0.0334502831 0.0334502831 0.0334502831 0.0334502831 0.0334502831 16.0334502831
6.8103606794 2.5551080822 0.0334502831 23.9552312019 1.8131011689 0.0334502831
2.3574763982 0.0334502831 25.4716932203 9.7338751550 0.0334502831 2.5707563590
0.0334502831 19.0334502831 0.0334502831 0.0334502831 0.0334502831 0.0334502831
0.0334502831 31.0334502831 0.0334502831 0.0334502831 0.0334502831 0.0334502831
0.0334502831 44.0334502831 0.0334502831 0.0334502831 0.0334502831 0.0334502831
1.1835348235 2.2600317826 122.4651646598 37.8474237035 2.3408098015 59.1037369278
4.0445953692 0.0334502831 0.0334502831 0.0334502831 7.6757628293 39.3799926508
3.2342309235 0.0334502831 0.0334502831 0.0334502831 41.6589449465 30.2071749794
0.0334502831 0.0334502831 14.3643398489 11.0950811789 0.0334502831 7.6409298216
62.7369686207 0.0334502831 1.1299993024 3.9465972952 5.3202359142 0.0334502831
0.0334502831 12.3866339202 5.6802666460 0.0334502831 0.0334502831 0.0334502831
5.0976000432 68.8436368961 2.0200258152 19.8669028527 0.0334502831 1.3390858084
