-288.95651
-302.67943
-378.60392
-282.60918
-257.23147
-486.97980
-53.00619
-64.05884
-248.24200
-212.65855
-643.14813
-898.10047
-360.37821
-403.87890
-840.32957
-362.71569
-236.03060
-115.31556
-1900.81063
-259.29394
-139.22341
-558.93184
-194.85080
-265.59156
-83.26694
-1322.46201
-294.08025
-89.16317
-1610.40268
-151.95872
-295.49954
-470.31754
-1431.78418
-256.05064
-2111.06668
-510.60631
-789.13171
-446.88862
-56.22911
-1800.03279
-425.59068
-1525.60028
-726.61789
-328.95704
-318.91025
-502.83802
-722.25487
-755.55252
-194.50257
-622.90798
-922.38585
-134.69453
-102.44503
-865.58067
-125.33425
-550.25402
-577.31477
-297.92939
-555.66539
-1486.10317
-689.49783
-74.38055
-1118.51561
-44.01061
-336.02702
-1005.72359
-1845.14236
-363.43557
-2652.92238
-832.88097
-188.84435
-119.64614
-236.39205
-2693.90605
-514.22493
-683.94330
-58.64947
-351.55915
-297.84232
-132.45037
-292.73123
-55.06968
-270.06048
-324.57711
-93.39586
-153.86620
-966.33000
-234.83409
-69.18899
-1362.71749
-258.40608
-65.02087
-56.22911
-505.88333
-62.07080
-362.15173
-517.14635
-1326.40859
-304.74108
-1191.73469
-120.71617
-35.27681
-130.65962
-242.24431
-374.74204
-1078.46020
-65.99294
-1544.58127
-582.85652
-677.92777
-337.60193
-839.63439
-1177.33432
-631.26125
-369.93391
-527.03391
-658.43342
-688.59518
-440.92602
-109.62251
-2343.09759
-123.24837
-266.48235
-129.54469
-906.71755
-177.37092
-151.20939
-308.84652
-179.63687
-294.44015
-194.38114
-149.09926
-79.38933
-158.49305
-939.59461
-1311.78981
-355.75543
-876.92435
-340.47564
-1251.38684
-218.73035
-90.64826
-100.99439
-564.30610
-387.14907
-353.72298
-129.22147
-471.08073
-1494.09837
-1547.88543
-1688.19190
-619.99969
-114.35053
-2112.11422
-109.62251
-157.58674
-428.98269
-67.71956
-1772.10365
-1136.88952
-1154.40804
-796.30625
-73.41718
-106.69516
-115.47540
-3543.77203
-305.86832
-884.17769
-1264.40993
-1252.58097
-474.65807
-2653.08475
